# vtk DataFile Version 2.0
vtk output
ASCII
DATASET POLYDATA
POINTS 749 float
0.000000 0.000000 0.000000
0.367500 0.000000 0.115000
0.000000 0.367500 0.115000
0.000000 0.000000 0.000000
0.000000 0.367500 0.115000
-0.367500 0.000000 0.115000
0.000000 0.000000 0.000000
-0.367500 0.000000 0.115000
-0.000000 -0.367500 0.115000
0.000000 0.000000 0.000000
-0.000000 -0.367500 0.115000
0.367500 -0.000000 0.115000
0.015000 0.000000 0.293600
-0.015000 0.000000 0.293600
0.000000 0.015000 0.293600
0.000000 -0.015000 0.293600
0.029926 0.000000 0.000982
0.059737 0.000000 0.003787
0.089350 0.000000 0.008222
0.118709 0.000000 0.014112
0.147776 0.000000 0.021308
0.176526 0.000000 0.029684
0.204941 0.000000 0.039131
0.233011 0.000000 0.049563
0.260724 0.000000 0.060910
0.288067 0.000000 0.073121
0.315019 0.000000 0.086171
0.341541 0.000000 0.100075
0.366367 0.028834 0.115000
0.362975 0.057490 0.115000
0.357346 0.085791 0.115000
0.349513 0.113564 0.115000
0.339526 0.140636 0.115000
0.327445 0.166842 0.115000
0.313345 0.192018 0.115000
0.297314 0.216011 0.115000
0.279449 0.238672 0.115000
0.259862 0.259862 0.115000
0.238672 0.279449 0.115000
0.216011 0.297314 0.115000
0.192018 0.313345 0.115000
0.166842 0.327445 0.115000
0.140636 0.339526 0.115000
0.113564 0.349513 0.115000
0.085791 0.357346 0.115000
0.057490 0.362975 0.115000
0.028834 0.366367 0.115000
0.000000 0.029926 0.000982
0.000000 0.059737 0.003787
0.000000 0.089350 0.008222
0.000000 0.118709 0.014112
0.000000 0.147776 0.021308
0.000000 0.176526 0.029684
0.000000 0.204941 0.039131
0.000000 0.233011 0.049563
0.000000 0.260724 0.060910
0.000000 0.288067 0.073121
0.000000 0.315019 0.086171
0.000000 0.341541 0.100075
-0.028834 0.366367 0.115000
-0.057490 0.362975 0.115000
-0.085791 0.357346 0.115000
-0.113564 0.349513 0.115000
-0.140636 0.339526 0.115000
-0.166842 0.327445 0.115000
-0.192018 0.313345 0.115000
-0.216011 0.297314 0.115000
-0.238672 0.279449 0.115000
-0.259862 0.259862 0.115000
-0.279449 0.238672 0.115000
-0.297314 0.216011 0.115000
-0.313345 0.192018 0.115000
-0.327445 0.166842 0.115000
-0.339526 0.140636 0.115000
-0.349513 0.113564 0.115000
-0.357346 0.085791 0.115000
-0.362975 0.057490 0.115000
-0.366367 0.028834 0.115000
0.000000 0.029926 0.000982
0.000000 0.059737 0.003787
0.000000 0.089350 0.008222
0.000000 0.118709 0.014112
0.000000 0.147776 0.021308
0.000000 0.176526 0.029684
0.000000 0.204941 0.039131
0.000000 0.233011 0.049563
0.000000 0.260724 0.060910
0.000000 0.288067 0.073121
0.000000 0.315019 0.086171
0.000000 0.341541 0.100075
-0.029926 0.000000 0.000982
-0.059737 0.000000 0.003787
-0.089350 0.000000 0.008222
-0.118709 0.000000 0.014112
-0.147776 0.000000 0.021308
-0.176526 0.000000 0.029684
-0.204941 0.000000 0.039131
-0.233011 0.000000 0.049563
-0.260724 0.000000 0.060910
-0.288067 0.000000 0.073121
-0.315019 0.000000 0.086171
-0.341541 0.000000 0.100075
-0.366367 -0.028834 0.115000
-0.362975 -0.057490 0.115000
-0.357346 -0.085791 0.115000
-0.349513 -0.113564 0.115000
-0.339526 -0.140636 0.115000
-0.327445 -0.166842 0.115000
-0.313345 -0.192018 0.115000
-0.297314 -0.216011 0.115000
-0.279449 -0.238672 0.115000
-0.259862 -0.259862 0.115000
-0.238672 -0.279449 0.115000
-0.216011 -0.297314 0.115000
-0.192018 -0.313345 0.115000
-0.166842 -0.327445 0.115000
-0.140636 -0.339526 0.115000
-0.113564 -0.349513 0.115000
-0.085791 -0.357346 0.115000
-0.057490 -0.362975 0.115000
-0.028834 -0.366367 0.115000
-0.029926 0.000000 0.000982
-0.059737 0.000000 0.003787
-0.089350 0.000000 0.008222
-0.118709 0.000000 0.014112
-0.147776 0.000000 0.021308
-0.176526 0.000000 0.029684
-0.204941 0.000000 0.039131
-0.233011 0.000000 0.049563
-0.260724 0.000000 0.060910
-0.288067 0.000000 0.073121
-0.315019 0.000000 0.086171
-0.341541 0.000000 0.100075
-0.000000 -0.029926 0.000982
-0.000000 -0.059737 0.003787
-0.000000 -0.089350 0.008222
-0.000000 -0.118709 0.014112
-0.000000 -0.147776 0.021308
-0.000000 -0.176526 0.029684
-0.000000 -0.204941 0.039131
-0.000000 -0.233011 0.049563
-0.000000 -0.260724 0.060910
-0.000000 -0.288067 0.073121
-0.000000 -0.315019 0.086171
-0.000000 -0.341541 0.100075
0.028834 -0.366367 0.115000
0.057490 -0.362975 0.115000
0.085791 -0.357346 0.115000
0.113564 -0.349513 0.115000
0.140636 -0.339526 0.115000
0.166842 -0.327445 0.115000
0.192018 -0.313345 0.115000
0.216011 -0.297314 0.115000
0.238672 -0.279449 0.115000
0.259862 -0.259862 0.115000
0.279449 -0.238672 0.115000
0.297314 -0.216011 0.115000
0.313345 -0.192018 0.115000
0.327445 -0.166842 0.115000
0.339526 -0.140636 0.115000
0.349513 -0.113564 0.115000
0.357346 -0.085791 0.115000
0.362975 -0.057490 0.115000
0.366367 -0.028834 0.115000
-0.000000 -0.029926 0.000982
-0.000000 -0.059737 0.003787
-0.000000 -0.089350 0.008222
-0.000000 -0.118709 0.014112
-0.000000 -0.147776 0.021308
-0.000000 -0.176526 0.029684
-0.000000 -0.204941 0.039131
-0.000000 -0.233011 0.049563
-0.000000 -0.260724 0.060910
-0.000000 -0.288067 0.073121
-0.000000 -0.315019 0.086171
-0.000000 -0.341541 0.100075
0.029926 -0.000000 0.000982
0.059737 -0.000000 0.003787
0.089350 -0.000000 0.008222
0.118709 -0.000000 0.014112
0.147776 -0.000000 0.021308
0.176526 -0.000000 0.029684
0.204941 -0.000000 0.039131
0.233011 -0.000000 0.049563
0.260724 -0.000000 0.060910
0.288067 -0.000000 0.073121
0.315019 -0.000000 0.086171
0.341541 -0.000000 0.100075
0.253832 0.234640 0.102345
0.019755 0.031960 0.001535
0.025930 0.190601 0.034807
0.025929 0.133135 0.018143
0.218834 0.025930 0.044730
0.025907 0.218832 0.044728
0.246732 0.025919 0.055609
0.313916 0.144717 0.102345
0.051744 0.204241 0.041181
0.193371 0.287513 0.102802
0.133135 0.025929 0.018143
0.120348 0.322301 0.101444
0.232267 0.051778 0.051517
0.332690 0.093828 0.102345
0.027023 0.077595 0.007002
0.104664 0.025299 0.011731
0.118171 0.051801 0.016515
0.147255 0.051754 0.023603
0.132090 0.077548 0.022787
0.048507 0.235355 0.052448
0.081894 0.216555 0.048983
0.028448 0.306334 0.082501
0.025897 0.328093 0.093419
0.078146 0.190124 0.039349
0.102944 0.202183 0.047194
0.103473 0.230570 0.057528
0.128289 0.214724 0.056450
0.128230 0.186529 0.046992
0.153419 0.198845 0.056873
0.153347 0.172296 0.048646
0.178249 0.182582 0.058551
0.176073 0.151886 0.049376
0.202729 0.165968 0.061458
0.287412 0.192043 0.102345
0.067436 0.339026 0.102345
0.075865 0.243315 0.058426
0.094452 0.053354 0.011897
0.161040 0.077440 0.030364
0.259937 0.051737 0.062768
0.245224 0.077454 0.059395
0.127923 0.158001 0.038553
0.128322 0.242798 0.066990
0.178687 0.211051 0.067847
0.202110 0.137191 0.054050
0.226702 0.150140 0.065784
0.227503 0.178096 0.073520
0.272653 0.077377 0.070974
0.251119 0.160689 0.077873
0.338110 0.032451 0.099053
0.273093 0.025100 0.066821
0.217397 0.077463 0.048697
0.176007 0.051580 0.031868
0.248541 0.128945 0.069413
0.145686 0.103110 0.030298
0.124658 0.103008 0.025216
0.174485 0.102930 0.038304
0.273570 0.142301 0.082854
0.309733 0.031600 0.084329
0.252084 0.189662 0.086396
0.231041 0.202320 0.082232
0.230081 0.103028 0.057266
0.272570 0.120203 0.077762
0.158958 0.128436 0.038927
0.058007 0.314335 0.088516
0.053192 0.288726 0.075710
0.077609 0.299506 0.083364
0.102668 0.257801 0.068278
0.127836 0.269970 0.078150
0.156542 0.260796 0.080794
0.146629 0.287471 0.090087
0.336826 0.062649 0.100656
0.289279 0.048848 0.075610
0.298005 0.076650 0.082527
0.125364 0.296953 0.089893
0.149897 0.308674 0.100954
0.026715 0.275983 0.068179
0.025841 0.248298 0.056247
0.051677 0.260607 0.063048
0.208017 0.199696 0.073256
0.200365 0.226370 0.079888
0.182312 0.270654 0.091964
0.184010 0.245421 0.082054
0.212033 0.245890 0.091109
0.155795 0.230440 0.068581
0.276789 0.167258 0.090444
0.077245 0.272913 0.071073
0.102279 0.284297 0.079804
0.025905 0.162030 0.025911
0.051764 0.147185 0.023586
0.052185 0.119202 0.016781
0.077480 0.131981 0.022751
0.077371 0.102775 0.016423
0.026374 0.105745 0.012003
0.130038 0.127717 0.031501
0.105249 0.080957 0.017432
0.204212 0.051769 0.041173
0.189180 0.077465 0.038950
0.052017 0.176528 0.032069
0.040370 0.022453 0.002298
0.037030 0.050628 0.004163
0.052885 0.066436 0.007458
0.060625 0.029130 0.004764
0.162481 0.026946 0.026092
0.103165 0.174411 0.038324
0.077230 0.160776 0.030260
0.190585 0.025918 0.034801
0.102429 0.145180 0.030044
0.102383 0.116756 0.023379
0.204533 0.106465 0.048618
0.295760 0.125389 0.089334
0.265346 0.211304 0.098802
0.099556 0.309686 0.091425
0.233103 0.253682 0.101709
0.226703 0.226958 0.089101
0.301594 0.168901 0.102345
0.322666 0.119156 0.101404
0.309078 0.099184 0.091066
0.259564 0.102218 0.068944
0.285115 0.100571 0.079900
0.093828 0.332690 0.102345
0.074894 0.074519 0.011315
0.205597 0.266236 0.097279
0.041590 0.351392 0.106941
0.050231 0.091266 0.011017
0.182317 0.125022 0.044992
0.015971 0.341859 0.100453
0.223062 0.125995 0.058981
0.171930 0.296374 0.100673
0.317936 0.077358 0.092423
0.315061 0.055231 0.088629
0.245391 0.214317 0.091690
0.079612 0.319054 0.093274
0.149107 0.148561 0.041106
0.293008 0.149936 0.093435
0.069386 0.050058 0.007567
0.044854 0.329348 0.095148
0.080980 0.018794 0.007161
0.327659 0.017747 0.092908
0.292942 0.020587 0.075747
0.351198 0.017034 0.105672
-0.253832 0.234640 0.102345
-0.017909 0.031479 0.001428
-0.025930 0.190601 0.034807
-0.025929 0.133135 0.018143
-0.220090 0.025679 0.045186
-0.025907 0.218832 0.044728
-0.247264 0.026001 0.055830
-0.310001 0.144757 0.100399
-0.051744 0.204241 0.041181
-0.194064 0.284073 0.101442
-0.133019 0.026408 0.018138
-0.120420 0.321409 0.100999
-0.232619 0.051924 0.051666
-0.331842 0.093240 0.101806
-0.031172 0.053172 0.004024
-0.048539 0.235093 0.052348
-0.081893 0.216554 0.048983
-0.028577 0.306137 0.082410
-0.025897 0.328093 0.093419
-0.078149 0.190121 0.039348
-0.102941 0.202183 0.047193
-0.103469 0.230571 0.057528
-0.103216 0.174396 0.038328
-0.128590 0.186990 0.047215
-0.128076 0.157959 0.038575
-0.153373 0.170485 0.048131
-0.152991 0.141701 0.040405
-0.172993 0.153605 0.048915
-0.127585 0.129060 0.031248
-0.152473 0.198831 0.056630
-0.203048 0.051093 0.040708
-0.290732 0.191755 0.103795
-0.067092 0.339473 0.102551
-0.075271 0.242467 0.058012
-0.259937 0.051737 0.062768
-0.245489 0.077606 0.059521
-0.025928 0.103939 0.011617
-0.152335 0.112611 0.033836
-0.128457 0.102631 0.026009
-0.102668 0.257799 0.068277
-0.102783 0.117340 0.023577
-0.100983 0.086874 0.017538
-0.272653 0.077377 0.070974
-0.257955 0.103129 0.068420
-0.230479 0.103164 0.057441
-0.242317 0.128304 0.066796
-0.074473 0.025927 0.006471
-0.153353 0.085261 0.029352
-0.336694 0.034184 0.098382
-0.273126 0.025112 0.066836
-0.128264 0.243226 0.067147
-0.127816 0.269961 0.078142
-0.157890 0.257319 0.079689
-0.081484 0.269046 0.069920
-0.053931 0.311286 0.086627
-0.077705 0.161556 0.030547
-0.051779 0.118171 0.016513
-0.176784 0.095911 0.037797
-0.289893 0.104875 0.082811
-0.052249 0.090470 0.011077
-0.298944 0.077137 0.083036
-0.147062 0.286745 0.089855
-0.214497 0.128216 0.056354
-0.227439 0.153454 0.066876
-0.257574 0.160501 0.080461
-0.237004 0.180093 0.077651
-0.211727 0.179772 0.068396
-0.224466 0.199667 0.078974
-0.196999 0.205330 0.071494
-0.201173 0.232210 0.082295
-0.183258 0.271859 0.092761
-0.309444 0.031788 0.084195
-0.177542 0.228133 0.073592
-0.246128 0.205128 0.088903
-0.175593 0.066401 0.033273
-0.334268 0.064006 0.099421
-0.150013 0.053647 0.024524
-0.174019 0.036707 0.030098
-0.125052 0.296654 0.089689
-0.149922 0.308542 0.100895
-0.099211 0.308529 0.090800
-0.289480 0.048496 0.075676
-0.271281 0.129854 0.079138
-0.284708 0.152462 0.090217
-0.265880 0.181771 0.089762
-0.102464 0.283376 0.079415
-0.025736 0.247546 0.055934
-0.026493 0.275899 0.068132
-0.128286 0.214722 0.056448
-0.025905 0.162030 0.025911
-0.220481 0.078515 0.049967
-0.045279 0.026268 0.002931
-0.048350 0.289925 0.075872
-0.053227 0.263359 0.064360
-0.103914 0.025911 0.011611
-0.088908 0.051778 0.010759
-0.118265 0.051700 0.016526
-0.127990 0.078170 0.021905
-0.051742 0.175873 0.031841
-0.051986 0.148104 0.023852
-0.183912 0.128507 0.046234
-0.103052 0.145940 0.030353
-0.076862 0.131938 0.022654
-0.314272 0.055371 0.088245
-0.296076 0.130928 0.090617
-0.312560 0.093074 0.091856
-0.061847 0.052959 0.006881
-0.075923 0.103100 0.016278
-0.075261 0.075936 0.011574
-0.203447 0.103111 0.047655
-0.177824 0.181800 0.058191
-0.234640 0.253832 0.102345
-0.227870 0.228318 0.090018
-0.269011 0.200740 0.096890
-0.214074 0.269988 0.101732
-0.187833 0.250864 0.085353
-0.297180 0.170895 0.100772
-0.277670 0.176160 0.093274
-0.251196 0.182080 0.083785
-0.318037 0.116689 0.098567
-0.092920 0.330263 0.100921
-0.073591 0.320262 0.093154
-0.151320 0.226798 0.066109
-0.318466 0.076568 0.092596
-0.041590 0.351392 0.106941
-0.210786 0.250575 0.092544
-0.025663 0.079245 0.007188
-0.076120 0.294917 0.080995
-0.201392 0.152070 0.057375
-0.195825 0.079083 0.041361
-0.197531 0.023696 0.037044
-0.015971 0.341859 0.100453
-0.169440 0.288458 0.096295
-0.155216 0.021795 0.023789
-0.198487 0.265981 0.094878
-0.172256 0.207818 0.064907
-0.048083 0.330990 0.096253
-0.047226 0.069312 0.007284
-0.325481 0.018431 0.091793
-0.292656 0.020778 0.075619
-0.349453 0.017309 0.104696
-0.253832 -0.234640 0.102345
-0.019755 -0.031960 0.001535
-0.025930 -0.190601 0.034807
-0.025929 -0.133135 0.018143
-0.218834 -0.025930 0.044730
-0.025907 -0.218832 0.044728
-0.246732 -0.025919 0.055609
-0.313916 -0.144717 0.102345
-0.051744 -0.204241 0.041181
-0.193371 -0.287513 0.102802
-0.133135 -0.025929 0.018143
-0.120348 -0.322301 0.101444
-0.232267 -0.051778 0.051517
-0.332690 -0.093828 0.102345
-0.027023 -0.077595 0.007002
-0.104664 -0.025299 0.011731
-0.118171 -0.051801 0.016515
-0.147255 -0.051754 0.023603
-0.132090 -0.077548 0.022787
-0.048507 -0.235355 0.052448
-0.081894 -0.216555 0.048983
-0.028448 -0.306334 0.082501
-0.025897 -0.328093 0.093419
-0.078146 -0.190124 0.039349
-0.102944 -0.202183 0.047194
-0.103473 -0.230570 0.057528
-0.128289 -0.214724 0.056450
-0.128230 -0.186529 0.046992
-0.153419 -0.198845 0.056873
-0.153347 -0.172296 0.048646
-0.178249 -0.182582 0.058551
-0.176073 -0.151886 0.049376
-0.202729 -0.165968 0.061458
-0.287412 -0.192043 0.102345
-0.067436 -0.339026 0.102345
-0.075865 -0.243315 0.058426
-0.094452 -0.053354 0.011897
-0.161040 -0.077440 0.030364
-0.259937 -0.051737 0.062768
-0.245224 -0.077454 0.059395
-0.127923 -0.158001 0.038553
-0.128322 -0.242798 0.066990
-0.178687 -0.211051 0.067847
-0.202110 -0.137191 0.054050
-0.226702 -0.150140 0.065784
-0.227503 -0.178096 0.073520
-0.272653 -0.077377 0.070974
-0.251119 -0.160689 0.077873
-0.338110 -0.032451 0.099053
-0.273093 -0.025100 0.066821
-0.217397 -0.077463 0.048697
-0.176007 -0.051580 0.031868
-0.248541 -0.128945 0.069413
-0.145686 -0.103110 0.030298
-0.124658 -0.103008 0.025216
-0.174485 -0.102930 0.038304
-0.273570 -0.142301 0.082854
-0.309733 -0.031600 0.084329
-0.252084 -0.189662 0.086396
-0.231041 -0.202320 0.082232
-0.230081 -0.103028 0.057266
-0.272570 -0.120203 0.077762
-0.158958 -0.128436 0.038927
-0.058007 -0.314335 0.088516
-0.053192 -0.288726 0.075710
-0.077609 -0.299506 0.083364
-0.102668 -0.257801 0.068278
-0.127836 -0.269970 0.078150
-0.156542 -0.260796 0.080794
-0.146629 -0.287471 0.090087
-0.336826 -0.062649 0.100656
-0.289279 -0.048848 0.075610
-0.298005 -0.076650 0.082527
-0.125364 -0.296953 0.089893
-0.149897 -0.308674 0.100954
-0.026715 -0.275983 0.068179
-0.025841 -0.248298 0.056247
-0.051677 -0.260607 0.063048
-0.208017 -0.199696 0.073256
-0.200365 -0.226370 0.079888
-0.182312 -0.270654 0.091964
-0.184010 -0.245421 0.082054
-0.212033 -0.245890 0.091109
-0.155795 -0.230440 0.068581
-0.276789 -0.167258 0.090444
-0.077245 -0.272913 0.071073
-0.102279 -0.284297 0.079804
-0.025905 -0.162030 0.025911
-0.051764 -0.147185 0.023586
-0.052185 -0.119202 0.016781
-0.077480 -0.131981 0.022751
-0.077371 -0.102775 0.016423
-0.026374 -0.105745 0.012003
-0.130038 -0.127717 0.031501
-0.105249 -0.080957 0.017432
-0.204212 -0.051769 0.041173
-0.189180 -0.077465 0.038950
-0.052017 -0.176528 0.032069
-0.040370 -0.022453 0.002298
-0.037030 -0.050628 0.004163
-0.052885 -0.066436 0.007458
-0.060625 -0.029130 0.004764
-0.162481 -0.026946 0.026092
-0.103165 -0.174411 0.038324
-0.077230 -0.160776 0.030260
-0.190585 -0.025918 0.034801
-0.102429 -0.145180 0.030044
-0.102383 -0.116756 0.023379
-0.204533 -0.106465 0.048618
-0.295760 -0.125389 0.089334
-0.265346 -0.211304 0.098802
-0.099556 -0.309686 0.091425
-0.233103 -0.253682 0.101709
-0.226703 -0.226958 0.089101
-0.301594 -0.168901 0.102345
-0.322666 -0.119156 0.101404
-0.309078 -0.099184 0.091066
-0.259564 -0.102218 0.068944
-0.285115 -0.100571 0.079900
-0.093828 -0.332690 0.102345
-0.074894 -0.074519 0.011315
-0.205597 -0.266236 0.097279
-0.041590 -0.351392 0.106941
-0.050231 -0.091266 0.011017
-0.182317 -0.125022 0.044992
-0.015971 -0.341859 0.100453
-0.223062 -0.125995 0.058981
-0.171930 -0.296374 0.100673
-0.317936 -0.077358 0.092423
-0.315061 -0.055231 0.088629
-0.245391 -0.214317 0.091690
-0.079612 -0.319054 0.093274
-0.149107 -0.148561 0.041106
-0.293008 -0.149936 0.093435
-0.069386 -0.050058 0.007567
-0.044854 -0.329348 0.095148
-0.080980 -0.018794 0.007161
-0.327659 -0.017747 0.092908
-0.292942 -0.020587 0.075747
-0.351198 -0.017034 0.105672
0.234640 -0.253832 0.102345
0.031960 -0.019755 0.001535
0.190601 -0.025930 0.034807
0.133135 -0.025929 0.018143
0.025930 -0.218834 0.044730
0.218832 -0.025907 0.044728
0.025919 -0.246732 0.055609
0.144717 -0.313916 0.102345
0.204241 -0.051744 0.041181
0.287513 -0.193371 0.102802
0.025929 -0.133135 0.018143
0.322301 -0.120348 0.101444
0.051778 -0.232267 0.051517
0.093828 -0.332690 0.102345
0.077595 -0.027023 0.007002
0.025299 -0.104664 0.011731
0.051801 -0.118171 0.016515
0.051754 -0.147255 0.023603
0.077548 -0.132090 0.022787
0.235355 -0.048507 0.052448
0.216555 -0.081894 0.048983
0.306334 -0.028448 0.082501
0.328093 -0.025897 0.093419
0.190124 -0.078146 0.039349
0.202183 -0.102944 0.047194
0.230570 -0.103473 0.057528
0.214724 -0.128289 0.056450
0.186529 -0.128230 0.046992
0.198845 -0.153419 0.056873
0.172296 -0.153347 0.048646
0.182582 -0.178249 0.058551
0.151886 -0.176073 0.049376
0.165968 -0.202729 0.061458
0.192043 -0.287412 0.102345
0.339026 -0.067436 0.102345
0.243315 -0.075865 0.058426
0.053354 -0.094452 0.011897
0.077440 -0.161040 0.030364
0.051737 -0.259937 0.062768
0.077454 -0.245224 0.059395
0.158001 -0.127923 0.038553
0.242798 -0.128322 0.066990
0.211051 -0.178687 0.067847
0.137191 -0.202110 0.054050
0.150140 -0.226702 0.065784
0.178096 -0.227503 0.073520
0.077377 -0.272653 0.070974
0.160689 -0.251119 0.077873
0.032451 -0.338110 0.099053
0.025100 -0.273093 0.066821
0.077463 -0.217397 0.048697
0.051580 -0.176007 0.031868
0.128945 -0.248541 0.069413
0.103110 -0.145686 0.030298
0.103008 -0.124658 0.025216
0.102930 -0.174485 0.038304
0.142301 -0.273570 0.082854
0.031600 -0.309733 0.084329
0.189662 -0.252084 0.086396
0.202320 -0.231041 0.082232
0.103028 -0.230081 0.057266
0.120203 -0.272570 0.077762
0.128436 -0.158958 0.038927
0.314335 -0.058007 0.088516
0.288726 -0.053192 0.075710
0.299506 -0.077609 0.083364
0.257801 -0.102668 0.068278
0.269970 -0.127836 0.078150
0.260796 -0.156542 0.080794
0.287471 -0.146629 0.090087
0.062649 -0.336826 0.100656
0.048848 -0.289279 0.075610
0.076650 -0.298005 0.082527
0.296953 -0.125364 0.089893
0.308674 -0.149897 0.100954
0.275983 -0.026715 0.068179
0.248298 -0.025841 0.056247
0.260607 -0.051677 0.063048
0.199696 -0.208017 0.073256
0.226370 -0.200365 0.079888
0.270654 -0.182312 0.091964
0.245421 -0.184010 0.082054
0.245890 -0.212033 0.091109
0.230440 -0.155795 0.068581
0.167258 -0.276789 0.090444
0.272913 -0.077245 0.071073
0.284297 -0.102279 0.079804
0.162030 -0.025905 0.025911
0.147185 -0.051764 0.023586
0.119202 -0.052185 0.016781
0.131981 -0.077480 0.022751
0.102775 -0.077371 0.016423
0.105745 -0.026374 0.012003
0.127717 -0.130038 0.031501
0.080957 -0.105249 0.017432
0.051769 -0.204212 0.041173
0.077465 -0.189180 0.038950
0.176528 -0.052017 0.032069
0.022453 -0.040370 0.002298
0.050628 -0.037030 0.004163
0.066436 -0.052885 0.007458
0.029130 -0.060625 0.004764
0.026946 -0.162481 0.026092
0.174411 -0.103165 0.038324
0.160776 -0.077230 0.030260
0.025918 -0.190585 0.034801
0.145180 -0.102429 0.030044
0.116756 -0.102383 0.023379
0.106465 -0.204533 0.048618
0.125389 -0.295760 0.089334
0.211304 -0.265346 0.098802
0.309686 -0.099556 0.091425
0.253682 -0.233103 0.101709
0.226958 -0.226703 0.089101
0.168901 -0.301594 0.102345
0.119156 -0.322666 0.101404
0.099184 -0.309078 0.091066
0.102218 -0.259564 0.068944
0.100571 -0.285115 0.079900
0.332690 -0.093828 0.102345
0.074519 -0.074894 0.011315
0.266236 -0.205597 0.097279
0.351392 -0.041590 0.106941
0.091266 -0.050231 0.011017
0.125022 -0.182317 0.044992
0.341859 -0.015971 0.100453
0.125995 -0.223062 0.058981
0.296374 -0.171930 0.100673
0.077358 -0.317936 0.092423
0.055231 -0.315061 0.088629
0.214317 -0.245391 0.091690
0.319054 -0.079612 0.093274
0.148561 -0.149107 0.041106
0.149936 -0.293008 0.093435
0.050058 -0.069386 0.007567
0.329348 -0.044854 0.095148
0.018794 -0.080980 0.007161
0.017747 -0.327659 0.092908
0.020587 -0.292942 0.075747
0.017034 -0.351198 0.105672
POLYGONS 2598 10392
3 57 313 210
3 57 313 210
3 279 295 282
3 279 295 282
3 282 295 242
3 282 295 242
3 197 309 268
3 197 309 268
3 268 315 197
3 268 315 197
3 28 236 29
3 28 236 29
3 35 298 36
3 35 298 36
3 42 262 199
3 42 262 199
3 246 298 221
3 246 298 221
3 221 272 246
3 221 272 246
3 236 258 29
3 236 258 29
3 287 322 289
3 287 322 289
3 240 305 248
3 240 305 248
3 236 317 258
3 236 317 258
3 48 287 189
3 48 287 189
3 199 262 261
3 199 262 261
3 282 308 279
3 282 308 279
3 48 189 47
3 48 189 47
3 236 327 325
3 236 327 325
3 248 314 240
3 248 314 240
3 36 298 188
3 36 298 188
3 288 322 287
3 288 322 287
3 245 317 236
3 245 317 236
3 41 262 42
3 41 262 42
3 221 298 35
3 221 298 35
3 30 258 201
3 30 258 201
3 287 289 286
3 287 289 286
3 29 258 30
3 29 258 30
3 231 314 296
3 231 314 296
3 325 327 27
3 325 327 27
3 281 294 228
3 281 294 228
3 269 271 256
3 269 271 256
3 296 312 231
3 296 312 231
3 281 295 294
3 281 295 294
3 270 309 300
3 270 309 300
3 202 287 48
3 202 287 48
3 268 269 256
3 268 269 256
3 262 315 257
3 262 315 257
3 20 290 21
3 20 290 21
3 300 301 270
3 300 301 270
3 224 324 322
3 224 324 322
3 230 271 269
3 230 271 269
3 303 304 297
3 303 304 297
3 286 289 17
3 286 289 17
3 308 311 279
3 308 311 279
3 203 324 224
3 203 324 224
3 255 274 261
3 255 274 261
3 290 293 21
3 290 293 21
3 198 290 20
3 198 290 20
3 219 312 250
3 219 312 250
3 264 265 207
3 264 265 207
3 263 265 264
3 263 265 264
3 250 320 219
3 250 320 219
3 263 264 55
3 263 264 55
3 207 265 223
3 207 265 223
3 230 266 218
3 230 266 218
3 223 273 254
3 223 273 254
3 265 273 223
3 265 273 223
3 230 269 267
3 230 269 267
3 254 255 229
3 254 255 229
3 261 262 257
3 261 262 257
3 256 271 229
3 256 271 229
3 269 270 267
3 269 270 267
3 251 253 252
3 251 253 252
3 57 210 209
3 57 210 209
3 56 263 55
3 56 263 55
3 233 246 235
3 233 246 235
3 255 257 256
3 255 257 256
3 234 260 259
3 234 260 259
3 229 271 214
3 229 271 214
3 26 326 245
3 26 326 245
3 213 254 229
3 213 254 229
3 218 266 220
3 218 266 220
3 255 261 257
3 255 261 257
3 227 234 226
3 227 234 226
3 255 256 229
3 255 256 229
3 233 235 232
3 233 235 232
3 200 226 194
3 200 226 194
3 220 233 232
3 220 233 232
3 213 229 214
3 213 229 214
3 244 297 249
3 244 297 249
3 251 252 209
3 251 252 209
3 193 207 196
3 193 207 196
3 227 305 234
3 227 305 234
3 233 247 246
3 233 247 246
3 235 244 240
3 235 244 240
3 216 230 218
3 216 230 218
3 234 259 226
3 234 259 226
3 200 227 226
3 200 227 226
3 223 254 213
3 223 254 213
3 24 237 25
3 24 237 25
3 216 271 230
3 216 271 230
3 193 196 190
3 193 196 190
3 57 209 56
3 57 209 56
3 226 259 237
3 226 259 237
3 192 200 194
3 192 200 194
3 53 193 190
3 53 193 190
3 226 237 194
3 226 237 194
3 248 305 227
3 248 305 227
3 208 223 213
3 208 223 213
3 213 214 212
3 213 214 212
3 275 285 276
3 275 285 276
3 241 250 243
3 241 250 243
3 192 194 23
3 192 194 23
3 238 248 227
3 238 248 227
3 214 271 216
3 214 271 216
3 241 243 225
3 241 243 225
3 208 213 212
3 208 213 212
3 23 194 24
3 23 194 24
3 220 232 231
3 220 232 231
3 206 241 225
3 206 241 225
3 190 275 52
3 190 275 52
3 53 190 52
3 53 190 52
3 275 276 191
3 275 276 191
3 0 189 16
3 0 189 16
3 54 193 53
3 54 193 53
3 253 273 252
3 253 273 252
3 214 216 215
3 214 216 215
3 193 264 207
3 193 264 207
3 218 220 219
3 218 220 219
3 49 202 48
3 49 202 48
3 206 225 205
3 206 225 205
3 51 191 50
3 51 191 50
3 51 275 191
3 51 275 191
3 194 237 24
3 194 237 24
3 244 249 240
3 244 249 240
3 252 265 263
3 252 265 263
3 206 242 241
3 206 242 241
3 235 240 232
3 235 240 232
3 208 212 211
3 208 212 211
3 216 218 217
3 216 218 217
3 55 264 54
3 55 264 54
3 209 263 56
3 209 263 56
3 276 277 191
3 276 277 191
3 49 280 202
3 49 280 202
3 276 278 277
3 276 278 277
3 192 283 200
3 192 283 200
3 204 206 205
3 204 206 205
3 208 211 196
3 208 211 196
3 22 293 192
3 22 293 192
3 225 239 205
3 225 239 205
3 18 203 19
3 18 203 19
3 203 224 204
3 203 224 204
3 19 198 20
3 19 198 20
3 22 192 23
3 22 192 23
3 200 238 227
3 200 238 227
3 214 215 212
3 214 215 212
3 52 275 51
3 52 275 51
3 204 205 198
3 204 205 198
3 206 282 242
3 206 282 242
3 190 285 275
3 190 285 275
3 21 293 22
3 21 293 22
3 278 279 277
3 278 279 277
3 200 283 238
3 200 283 238
3 192 293 283
3 192 293 283
3 277 280 191
3 277 280 191
3 19 203 198
3 19 203 198
3 220 231 219
3 220 231 219
3 218 219 217
3 218 219 217
3 283 284 238
3 283 284 238
3 203 204 198
3 203 204 198
3 216 217 215
3 216 217 215
3 191 280 50
3 191 280 50
3 252 273 265
3 252 273 265
3 204 282 206
3 204 282 206
3 54 264 193
3 54 264 193
3 220 266 233
3 220 266 233
3 50 280 49
3 50 280 49
3 211 285 196
3 211 285 196
3 224 282 204
3 224 282 204
3 252 263 209
3 252 263 209
3 196 285 190
3 196 285 190
3 215 291 212
3 215 291 212
3 217 228 215
3 217 228 215
3 212 291 211
3 212 291 211
3 233 266 247
3 233 266 247
3 291 292 211
3 291 292 211
3 228 291 215
3 228 291 215
3 211 292 285
3 211 292 285
3 296 314 248
3 296 314 248
3 228 294 291
3 228 294 291
3 239 284 283
3 239 284 283
3 291 294 292
3 291 294 292
3 285 292 276
3 285 292 276
3 276 292 278
3 276 292 278
3 36 188 37
3 36 188 37
3 39 197 40
3 39 197 40
3 42 199 43
3 42 199 43
3 34 221 35
3 34 221 35
3 33 302 34
3 33 302 34
3 284 296 238
3 284 296 238
3 32 195 33
3 32 195 33
3 31 303 32
3 31 303 32
3 30 201 31
3 30 201 31
3 188 300 37
3 188 300 37
3 225 284 239
3 225 284 239
3 43 307 44
3 43 307 44
3 283 293 239
3 283 293 239
3 28 327 236
3 28 327 236
3 238 296 248
3 238 296 248
3 44 222 45
3 44 222 45
3 241 281 250
3 241 281 250
3 322 324 289
3 322 324 289
3 230 267 266
3 230 267 266
3 236 325 245
3 236 325 245
3 243 284 225
3 243 284 225
3 235 272 244
3 235 272 244
3 234 306 260
3 234 306 260
3 292 294 278
3 292 294 278
3 253 274 273
3 253 274 273
3 270 301 267
3 270 301 267
3 205 290 198
3 205 290 198
3 278 295 279
3 278 295 279
3 243 296 284
3 243 296 284
3 239 293 290
3 239 293 290
3 242 281 241
3 242 281 241
3 254 274 255
3 254 274 255
3 224 308 282
3 224 308 282
3 245 325 26
3 245 325 26
3 37 300 38
3 37 300 38
3 294 295 278
3 294 295 278
3 239 290 205
3 239 290 205
3 246 272 235
3 246 272 235
3 279 311 277
3 279 311 277
3 304 306 297
3 304 306 297
3 280 311 202
3 280 311 202
3 34 302 221
3 34 302 221
3 195 302 33
3 195 302 33
3 199 307 43
3 199 307 43
3 32 303 195
3 32 303 195
3 201 303 31
3 201 303 31
3 273 274 254
3 273 274 254
3 305 306 234
3 305 306 234
3 195 303 297
3 195 303 297
3 188 301 300
3 188 301 300
3 44 307 222
3 44 307 222
3 222 319 251
3 222 319 251
3 251 323 222
3 251 323 222
3 221 302 272
3 221 302 272
3 201 304 303
3 201 304 303
3 302 321 272
3 302 321 272
3 272 321 244
3 272 321 244
3 261 299 199
3 261 299 199
3 274 299 261
3 274 299 261
3 245 326 259
3 245 326 259
3 253 299 274
3 253 299 274
3 228 320 281
3 228 320 281
3 25 326 26
3 25 326 26
3 240 314 232
3 240 314 232
3 259 326 237
3 259 326 237
3 202 288 287
3 202 288 287
3 16 286 17
3 16 286 17
3 231 312 219
3 231 312 219
3 219 320 217
3 219 320 217
3 38 309 39
3 38 309 39
3 277 311 280
3 277 311 280
3 46 313 2
3 46 313 2
3 202 311 288
3 202 311 288
3 243 312 296
3 243 312 296
3 281 320 250
3 281 320 250
3 249 305 240
3 249 305 240
3 40 315 41
3 40 315 41
3 39 309 197
3 39 309 197
3 300 309 38
3 300 309 38
3 299 307 199
3 299 307 199
3 260 317 259
3 260 317 259
3 258 316 201
3 258 316 201
3 210 313 310
3 210 313 310
3 253 319 299
3 253 319 299
3 247 318 246
3 247 318 246
3 242 295 281
3 242 295 281
3 222 310 45
3 222 310 45
3 251 319 253
3 251 319 253
3 299 319 307
3 299 319 307
3 41 315 262
3 41 315 262
3 260 306 304
3 260 306 304
3 258 317 316
3 258 317 316
3 310 323 210
3 310 323 210
3 2 313 58
3 2 313 58
3 246 318 298
3 246 318 298
3 259 317 245
3 259 317 245
3 17 324 18
3 17 324 18
3 297 306 249
3 297 306 249
3 26 325 27
3 26 325 27
3 27 327 1
3 27 327 1
3 289 324 17
3 289 324 17
3 244 321 297
3 244 321 297
3 47 189 0
3 47 189 0
3 250 312 243
3 250 312 243
3 232 314 231
3 232 314 231
3 197 315 40
3 197 315 40
3 217 320 228
3 217 320 228
3 189 287 286
3 189 287 286
3 201 316 304
3 201 316 304
3 18 324 203
3 18 324 203
3 237 326 25
3 237 326 25
3 189 286 16
3 189 286 16
3 298 318 188
3 298 318 188
3 45 310 46
3 45 310 46
3 1 327 28
3 1 327 28
3 188 318 301
3 188 318 301
3 222 323 310
3 222 323 310
3 288 311 308
3 288 311 308
3 297 321 195
3 297 321 195
3 316 317 260
3 316 317 260
3 249 306 305
3 249 306 305
3 304 316 260
3 304 316 260
3 301 318 247
3 301 318 247
3 307 319 222
3 307 319 222
3 195 321 302
3 195 321 302
3 310 313 46
3 310 313 46
3 224 322 308
3 224 322 308
3 308 322 288
3 308 322 288
3 266 301 247
3 266 301 247
3 256 315 268
3 256 315 268
3 58 313 57
3 58 313 57
3 207 223 196
3 207 223 196
3 196 223 208
3 196 223 208
3 210 323 209
3 210 323 209
3 209 323 251
3 209 323 251
3 257 315 256
3 257 315 256
3 267 301 266
3 267 301 266
3 268 309 269
3 268 309 269
3 269 309 270
3 269 309 270
3 88 459 89
3 88 459 89
3 411 445 392
3 411 445 392
3 423 424 369
3 423 424 369
3 346 459 88
3 346 459 88
3 390 456 428
3 390 456 428
3 337 460 398
3 337 460 398
3 438 456 394
3 438 456 394
3 412 445 441
3 412 445 441
3 76 376 77
3 76 376 77
3 339 407 63
3 339 407 63
3 400 443 380
3 400 443 380
3 428 437 390
3 428 437 390
3 76 403 376
3 76 403 376
3 355 456 438
3 355 456 438
3 424 425 369
3 424 425 369
3 329 342 79
3 329 342 79
3 428 456 355
3 428 456 355
3 406 407 339
3 406 407 339
3 78 329 79
3 78 329 79
3 402 405 358
3 402 405 358
3 411 432 335
3 411 432 335
3 380 450 400
3 380 450 400
3 328 440 401
3 328 440 401
3 63 407 64
3 63 407 64
3 369 436 423
3 369 436 423
3 335 444 411
3 335 444 411
3 341 403 75
3 341 403 75
3 432 447 335
3 432 447 335
3 75 403 76
3 75 403 76
3 405 461 95
3 405 461 95
3 95 458 405
3 95 458 405
3 401 441 328
3 401 441 328
3 404 424 338
3 404 424 338
3 404 425 424
3 404 425 424
3 380 443 398
3 380 443 398
3 401 440 395
3 401 440 395
3 396 438 394
3 396 438 394
3 403 431 376
3 403 431 376
3 405 458 358
3 405 458 358
3 385 437 428
3 385 437 428
3 329 419 342
3 329 419 342
3 339 408 406
3 339 408 406
3 87 415 345
3 87 415 345
3 415 420 345
3 415 420 345
3 389 460 407
3 389 460 407
3 420 455 382
3 420 455 382
3 376 431 399
3 376 431 399
3 90 419 329
3 90 419 329
3 338 461 404
3 338 461 404
3 444 445 411
3 444 445 411
3 386 410 371
3 386 410 371
3 85 414 86
3 85 414 86
3 367 413 381
3 367 413 381
3 399 467 100
3 399 467 100
3 91 419 90
3 91 419 90
3 409 431 388
3 409 431 388
3 415 421 420
3 415 421 420
3 370 409 388
3 370 409 388
3 86 415 87
3 86 415 87
3 448 449 408
3 448 449 408
3 389 407 406
3 389 407 406
3 345 346 88
3 345 346 88
3 380 389 379
3 380 389 379
3 393 401 395
3 393 401 395
3 370 386 371
3 370 386 371
3 378 379 367
3 378 379 367
3 389 406 379
3 389 406 379
3 362 370 363
3 362 370 363
3 373 392 391
3 373 392 391
3 334 362 340
3 334 362 340
3 392 393 391
3 392 393 391
3 370 388 386
3 370 388 386
3 349 367 361
3 349 367 361
3 378 380 379
3 378 380 379
3 336 343 333
3 336 343 333
3 370 371 363
3 370 371 363
3 362 363 340
3 362 363 340
3 397 443 400
3 397 443 400
3 99 377 98
3 99 377 98
3 349 378 367
3 349 378 367
3 349 416 378
3 349 416 378
3 330 336 333
3 330 336 333
3 87 345 88
3 87 345 88
3 334 340 332
3 334 340 332
3 330 333 84
3 330 333 84
3 393 395 394
3 393 395 394
3 334 377 362
3 334 377 362
3 349 361 344
3 349 361 344
3 353 357 351
3 353 357 351
3 97 334 332
3 97 334 332
3 348 416 349
3 348 416 349
3 345 420 382
3 345 420 382
3 348 349 344
3 348 349 344
3 98 334 97
3 98 334 97
3 373 391 390
3 373 391 390
3 367 381 361
3 367 381 361
3 83 417 330
3 83 417 330
3 83 330 84
3 83 330 84
3 371 373 372
3 371 373 372
3 90 329 3
3 90 329 3
3 84 333 85
3 84 333 85
3 357 416 351
3 357 416 351
3 417 426 330
3 417 426 330
3 81 364 331
3 81 364 331
3 81 331 82
3 81 331 82
3 331 417 82
3 331 417 82
3 98 377 334
3 98 377 334
3 347 348 344
3 347 348 344
3 330 426 336
3 330 426 336
3 80 364 81
3 80 364 81
3 336 347 344
3 336 347 344
3 364 384 331
3 364 384 331
3 92 374 91
3 92 374 91
3 362 409 370
3 362 409 370
3 364 387 384
3 364 387 384
3 338 422 93
3 338 422 93
3 354 355 353
3 354 355 353
3 397 400 396
3 397 400 396
3 94 338 93
3 94 338 93
3 97 332 96
3 97 332 96
3 393 394 391
3 393 394 391
3 82 417 83
3 82 417 83
3 422 424 423
3 422 424 423
3 340 358 332
3 340 358 332
3 351 416 348
3 351 416 348
3 395 396 394
3 395 396 394
3 352 353 351
3 352 353 351
3 336 426 347
3 336 426 347
3 350 351 348
3 350 351 348
3 375 385 365
3 375 385 365
3 93 422 92
3 93 422 92
3 363 418 340
3 363 418 340
3 347 350 348
3 347 350 348
3 368 435 369
3 368 435 369
3 352 354 353
3 352 354 353
3 350 352 351
3 350 352 351
3 356 368 366
3 356 368 366
3 375 402 385
3 375 402 385
3 404 405 402
3 404 405 402
3 371 372 363
3 371 372 363
3 422 423 374
3 422 423 374
3 375 404 402
3 375 404 402
3 352 356 354
3 352 356 354
3 368 369 366
3 368 369 366
3 373 390 372
3 373 390 372
3 366 375 365
3 366 375 365
3 92 422 374
3 92 422 374
3 356 365 354
3 356 365 354
3 350 429 352
3 350 429 352
3 356 366 365
3 356 366 365
3 340 418 358
3 340 418 358
3 347 383 350
3 347 383 350
3 354 428 355
3 354 428 355
3 414 415 86
3 414 415 86
3 381 421 361
3 381 421 361
3 352 429 356
3 352 429 356
3 372 418 363
3 372 418 363
3 385 428 365
3 385 428 365
3 338 424 422
3 338 424 422
3 384 427 331
3 384 427 331
3 383 429 350
3 383 429 350
3 365 428 354
3 365 428 354
3 383 430 429
3 383 430 429
3 361 421 343
3 361 421 343
3 356 429 368
3 356 429 368
3 375 425 404
3 375 425 404
3 347 426 383
3 347 426 383
3 417 427 426
3 417 427 426
3 426 427 383
3 426 427 383
3 441 445 359
3 441 445 359
3 331 427 417
3 331 427 417
3 68 328 69
3 68 328 69
3 67 439 68
3 67 439 68
3 66 442 67
3 66 442 67
3 65 337 66
3 65 337 66
3 62 339 63
3 62 339 63
3 70 359 71
3 70 359 71
3 377 409 362
3 377 409 362
3 427 430 383
3 427 430 383
3 371 410 373
3 371 410 373
3 72 335 73
3 72 335 73
3 74 341 75
3 74 341 75
3 374 419 91
3 374 419 91
3 328 441 69
3 328 441 69
3 429 430 368
3 429 430 368
3 359 444 71
3 359 444 71
3 335 447 73
3 335 447 73
3 379 413 367
3 379 413 367
3 60 360 61
3 60 360 61
3 423 434 374
3 423 434 374
3 360 448 61
3 360 448 61
3 410 411 392
3 410 411 392
3 430 435 368
3 430 435 368
3 358 457 402
3 358 457 402
3 333 414 85
3 333 414 85
3 353 438 357
3 353 438 357
3 384 430 427
3 384 430 427
3 399 466 376
3 399 466 376
3 373 410 392
3 373 410 392
3 343 421 414
3 343 421 414
3 406 413 379
3 406 413 379
3 372 437 418
3 372 437 418
3 388 433 386
3 388 433 386
3 100 466 399
3 100 466 399
3 414 421 415
3 414 421 415
3 376 468 77
3 376 468 77
3 404 461 405
3 404 461 405
3 419 434 342
3 419 434 342
3 343 414 333
3 343 414 333
3 374 434 419
3 374 434 419
3 390 437 372
3 390 437 372
3 79 454 80
3 79 454 80
3 364 454 387
3 364 454 387
3 69 441 70
3 69 441 70
3 61 448 62
3 61 448 62
3 71 444 72
3 71 444 72
3 73 447 74
3 73 447 74
3 355 438 353
3 355 438 353
3 410 432 411
3 410 432 411
3 341 451 403
3 341 451 403
3 378 450 380
3 378 450 380
3 342 454 79
3 342 454 79
3 357 450 416
3 357 450 416
3 384 435 430
3 384 435 430
3 68 439 328
3 68 439 328
3 67 442 439
3 67 442 439
3 337 442 66
3 337 442 66
3 386 432 410
3 386 432 410
3 387 435 384
3 387 435 384
3 339 448 408
3 339 448 408
3 96 458 95
3 96 458 95
3 358 458 332
3 358 458 332
3 394 456 391
3 394 456 391
3 100 467 99
3 100 467 99
3 435 436 369
3 435 436 369
3 80 454 364
3 80 454 364
3 423 436 434
3 423 436 434
3 409 467 399
3 409 467 399
3 95 461 94
3 95 461 94
3 413 455 381
3 413 455 381
3 387 465 436
3 387 465 436
3 387 436 435
3 387 436 435
3 382 455 449
3 382 455 449
3 436 465 434
3 436 465 434
3 4 459 59
3 4 459 59
3 408 413 406
3 408 413 406
3 416 450 378
3 416 450 378
3 377 467 409
3 377 467 409
3 357 463 450
3 357 463 450
3 360 449 448
3 360 449 448
3 439 440 328
3 439 440 328
3 418 457 358
3 418 457 358
3 70 441 359
3 70 441 359
3 72 444 335
3 72 444 335
3 74 447 341
3 74 447 341
3 62 448 339
3 62 448 339
3 64 460 65
3 64 460 65
3 101 468 466
3 101 468 466
3 399 431 409
3 399 431 409
3 452 459 346
3 452 459 346
3 332 458 96
3 332 458 96
3 60 452 360
3 60 452 360
3 466 468 376
3 466 468 376
3 450 463 400
3 450 463 400
3 391 456 390
3 391 456 390
3 407 460 64
3 407 460 64
3 369 425 366
3 369 425 366
3 346 464 452
3 346 464 452
3 397 453 443
3 397 453 443
3 89 459 4
3 89 459 4
3 433 451 341
3 433 451 341
3 449 455 408
3 449 455 408
3 439 453 440
3 439 453 440
3 393 446 401
3 393 446 401
3 101 466 100
3 101 466 100
3 403 451 431
3 403 451 431
3 437 457 418
3 437 457 418
3 359 445 444
3 359 445 444
3 402 457 385
3 402 457 385
3 392 446 393
3 392 446 393
3 3 329 78
3 3 329 78
3 5 468 101
3 5 468 101
3 412 446 392
3 412 446 392
3 438 463 357
3 438 463 357
3 385 457 437
3 385 457 437
3 77 468 5
3 77 468 5
3 442 453 439
3 442 453 439
3 366 425 375
3 366 425 375
3 65 460 337
3 65 460 337
3 454 465 387
3 454 465 387
3 94 461 338
3 94 461 338
3 440 453 397
3 440 453 397
3 398 462 337
3 398 462 337
3 360 464 449
3 360 464 449
3 388 451 433
3 388 451 433
3 396 463 438
3 396 463 438
3 408 455 413
3 408 455 413
3 431 451 388
3 431 451 388
3 449 464 382
3 449 464 382
3 99 467 377
3 99 467 377
3 400 463 396
3 400 463 396
3 59 452 60
3 59 452 60
3 452 464 360
3 452 464 360
3 341 447 433
3 341 447 433
3 434 465 342
3 434 465 342
3 59 459 452
3 59 459 452
3 337 462 442
3 337 462 442
3 453 462 443
3 453 462 443
3 342 465 454
3 342 465 454
3 442 462 453
3 442 462 453
3 443 462 398
3 443 462 398
3 336 361 343
3 336 361 343
3 380 460 389
3 380 460 389
3 398 460 380
3 398 460 380
3 344 361 336
3 344 361 336
3 345 464 346
3 345 464 346
3 382 464 345
3 382 464 345
3 381 455 421
3 381 455 421
3 386 447 432
3 386 447 432
3 433 447 386
3 433 447 386
3 392 445 412
3 392 445 412
3 395 440 396
3 395 440 396
3 396 440 397
3 396 440 397
3 401 446 441
3 401 446 441
3 441 446 412
3 441 446 412
3 421 455 420
3 421 455 420
3 143 594 491
3 143 594 491
3 560 576 563
3 560 576 563
3 563 576 523
3 563 576 523
3 478 590 549
3 478 590 549
3 549 596 478
3 549 596 478
3 102 517 103
3 102 517 103
3 109 579 110
3 109 579 110
3 116 543 480
3 116 543 480
3 527 579 502
3 527 579 502
3 502 553 527
3 502 553 527
3 517 539 103
3 517 539 103
3 568 603 570
3 568 603 570
3 521 586 529
3 521 586 529
3 517 598 539
3 517 598 539
3 134 568 470
3 134 568 470
3 480 543 542
3 480 543 542
3 563 589 560
3 563 589 560
3 134 470 133
3 134 470 133
3 517 608 606
3 517 608 606
3 529 595 521
3 529 595 521
3 110 579 469
3 110 579 469
3 569 603 568
3 569 603 568
3 526 598 517
3 526 598 517
3 115 543 116
3 115 543 116
3 502 579 109
3 502 579 109
3 104 539 482
3 104 539 482
3 568 570 567
3 568 570 567
3 103 539 104
3 103 539 104
3 512 595 577
3 512 595 577
3 606 608 132
3 606 608 132
3 562 575 509
3 562 575 509
3 550 552 537
3 550 552 537
3 577 593 512
3 577 593 512
3 562 576 575
3 562 576 575
3 551 590 581
3 551 590 581
3 483 568 134
3 483 568 134
3 549 550 537
3 549 550 537
3 543 596 538
3 543 596 538
3 125 571 126
3 125 571 126
3 581 582 551
3 581 582 551
3 505 605 603
3 505 605 603
3 511 552 550
3 511 552 550
3 584 585 578
3 584 585 578
3 567 570 122
3 567 570 122
3 589 592 560
3 589 592 560
3 484 605 505
3 484 605 505
3 536 555 542
3 536 555 542
3 571 574 126
3 571 574 126
3 479 571 125
3 479 571 125
3 500 593 531
3 500 593 531
3 545 546 488
3 545 546 488
3 544 546 545
3 544 546 545
3 531 601 500
3 531 601 500
3 544 545 141
3 544 545 141
3 488 546 504
3 488 546 504
3 511 547 499
3 511 547 499
3 504 554 535
3 504 554 535
3 546 554 504
3 546 554 504
3 511 550 548
3 511 550 548
3 535 536 510
3 535 536 510
3 542 543 538
3 542 543 538
3 537 552 510
3 537 552 510
3 550 551 548
3 550 551 548
3 532 534 533
3 532 534 533
3 143 491 490
3 143 491 490
3 142 544 141
3 142 544 141
3 514 527 516
3 514 527 516
3 536 538 537
3 536 538 537
3 515 541 540
3 515 541 540
3 510 552 495
3 510 552 495
3 131 607 526
3 131 607 526
3 494 535 510
3 494 535 510
3 499 547 501
3 499 547 501
3 536 542 538
3 536 542 538
3 508 515 507
3 508 515 507
3 536 537 510
3 536 537 510
3 514 516 513
3 514 516 513
3 481 507 475
3 481 507 475
3 501 514 513
3 501 514 513
3 494 510 495
3 494 510 495
3 525 578 530
3 525 578 530
3 532 533 490
3 532 533 490
3 474 488 477
3 474 488 477
3 508 586 515
3 508 586 515
3 514 528 527
3 514 528 527
3 516 525 521
3 516 525 521
3 497 511 499
3 497 511 499
3 515 540 507
3 515 540 507
3 481 508 507
3 481 508 507
3 504 535 494
3 504 535 494
3 129 518 130
3 129 518 130
3 497 552 511
3 497 552 511
3 474 477 471
3 474 477 471
3 143 490 142
3 143 490 142
3 507 540 518
3 507 540 518
3 473 481 475
3 473 481 475
3 139 474 471
3 139 474 471
3 507 518 475
3 507 518 475
3 529 586 508
3 529 586 508
3 489 504 494
3 489 504 494
3 494 495 493
3 494 495 493
3 556 566 557
3 556 566 557
3 522 531 524
3 522 531 524
3 473 475 128
3 473 475 128
3 519 529 508
3 519 529 508
3 495 552 497
3 495 552 497
3 522 524 506
3 522 524 506
3 489 494 493
3 489 494 493
3 128 475 129
3 128 475 129
3 501 513 512
3 501 513 512
3 487 522 506
3 487 522 506
3 471 556 138
3 471 556 138
3 139 471 138
3 139 471 138
3 556 557 472
3 556 557 472
3 6 470 121
3 6 470 121
3 140 474 139
3 140 474 139
3 534 554 533
3 534 554 533
3 495 497 496
3 495 497 496
3 474 545 488
3 474 545 488
3 499 501 500
3 499 501 500
3 135 483 134
3 135 483 134
3 487 506 486
3 487 506 486
3 137 472 136
3 137 472 136
3 137 556 472
3 137 556 472
3 475 518 129
3 475 518 129
3 525 530 521
3 525 530 521
3 533 546 544
3 533 546 544
3 487 523 522
3 487 523 522
3 516 521 513
3 516 521 513
3 489 493 492
3 489 493 492
3 497 499 498
3 497 499 498
3 141 545 140
3 141 545 140
3 490 544 142
3 490 544 142
3 557 558 472
3 557 558 472
3 135 561 483
3 135 561 483
3 557 559 558
3 557 559 558
3 473 564 481
3 473 564 481
3 485 487 486
3 485 487 486
3 489 492 477
3 489 492 477
3 127 574 473
3 127 574 473
3 506 520 486
3 506 520 486
3 123 484 124
3 123 484 124
3 484 505 485
3 484 505 485
3 124 479 125
3 124 479 125
3 127 473 128
3 127 473 128
3 481 519 508
3 481 519 508
3 495 496 493
3 495 496 493
3 138 556 137
3 138 556 137
3 485 486 479
3 485 486 479
3 487 563 523
3 487 563 523
3 471 566 556
3 471 566 556
3 126 574 127
3 126 574 127
3 559 560 558
3 559 560 558
3 481 564 519
3 481 564 519
3 473 574 564
3 473 574 564
3 558 561 472
3 558 561 472
3 124 484 479
3 124 484 479
3 501 512 500
3 501 512 500
3 499 500 498
3 499 500 498
3 564 565 519
3 564 565 519
3 484 485 479
3 484 485 479
3 497 498 496
3 497 498 496
3 472 561 136
3 472 561 136
3 533 554 546
3 533 554 546
3 485 563 487
3 485 563 487
3 140 545 474
3 140 545 474
3 501 547 514
3 501 547 514
3 136 561 135
3 136 561 135
3 492 566 477
3 492 566 477
3 505 563 485
3 505 563 485
3 533 544 490
3 533 544 490
3 477 566 471
3 477 566 471
3 496 572 493
3 496 572 493
3 498 509 496
3 498 509 496
3 493 572 492
3 493 572 492
3 514 547 528
3 514 547 528
3 572 573 492
3 572 573 492
3 509 572 496
3 509 572 496
3 492 573 566
3 492 573 566
3 577 595 529
3 577 595 529
3 509 575 572
3 509 575 572
3 520 565 564
3 520 565 564
3 572 575 573
3 572 575 573
3 566 573 557
3 566 573 557
3 557 573 559
3 557 573 559
3 110 469 111
3 110 469 111
3 113 478 114
3 113 478 114
3 116 480 117
3 116 480 117
3 108 502 109
3 108 502 109
3 107 583 108
3 107 583 108
3 565 577 519
3 565 577 519
3 106 476 107
3 106 476 107
3 105 584 106
3 105 584 106
3 104 482 105
3 104 482 105
3 469 581 111
3 469 581 111
3 506 565 520
3 506 565 520
3 117 588 118
3 117 588 118
3 564 574 520
3 564 574 520
3 102 608 517
3 102 608 517
3 519 577 529
3 519 577 529
3 118 503 119
3 118 503 119
3 522 562 531
3 522 562 531
3 603 605 570
3 603 605 570
3 511 548 547
3 511 548 547
3 517 606 526
3 517 606 526
3 524 565 506
3 524 565 506
3 516 553 525
3 516 553 525
3 515 587 541
3 515 587 541
3 573 575 559
3 573 575 559
3 534 555 554
3 534 555 554
3 551 582 548
3 551 582 548
3 486 571 479
3 486 571 479
3 559 576 560
3 559 576 560
3 524 577 565
3 524 577 565
3 520 574 571
3 520 574 571
3 523 562 522
3 523 562 522
3 535 555 536
3 535 555 536
3 505 589 563
3 505 589 563
3 526 606 131
3 526 606 131
3 111 581 112
3 111 581 112
3 575 576 559
3 575 576 559
3 520 571 486
3 520 571 486
3 527 553 516
3 527 553 516
3 560 592 558
3 560 592 558
3 585 587 578
3 585 587 578
3 561 592 483
3 561 592 483
3 108 583 502
3 108 583 502
3 476 583 107
3 476 583 107
3 480 588 117
3 480 588 117
3 106 584 476
3 106 584 476
3 482 584 105
3 482 584 105
3 554 555 535
3 554 555 535
3 586 587 515
3 586 587 515
3 476 584 578
3 476 584 578
3 469 582 581
3 469 582 581
3 118 588 503
3 118 588 503
3 503 600 532
3 503 600 532
3 532 604 503
3 532 604 503
3 502 583 553
3 502 583 553
3 482 585 584
3 482 585 584
3 583 602 553
3 583 602 553
3 553 602 525
3 553 602 525
3 542 580 480
3 542 580 480
3 555 580 542
3 555 580 542
3 526 607 540
3 526 607 540
3 534 580 555
3 534 580 555
3 509 601 562
3 509 601 562
3 130 607 131
3 130 607 131
3 521 595 513
3 521 595 513
3 540 607 518
3 540 607 518
3 483 569 568
3 483 569 568
3 121 567 122
3 121 567 122
3 512 593 500
3 512 593 500
3 500 601 498
3 500 601 498
3 112 590 113
3 112 590 113
3 558 592 561
3 558 592 561
3 120 594 8
3 120 594 8
3 483 592 569
3 483 592 569
3 524 593 577
3 524 593 577
3 562 601 531
3 562 601 531
3 530 586 521
3 530 586 521
3 114 596 115
3 114 596 115
3 113 590 478
3 113 590 478
3 581 590 112
3 581 590 112
3 580 588 480
3 580 588 480
3 541 598 540
3 541 598 540
3 539 597 482
3 539 597 482
3 491 594 591
3 491 594 591
3 534 600 580
3 534 600 580
3 528 599 527
3 528 599 527
3 523 576 562
3 523 576 562
3 503 591 119
3 503 591 119
3 532 600 534
3 532 600 534
3 580 600 588
3 580 600 588
3 115 596 543
3 115 596 543
3 541 587 585
3 541 587 585
3 539 598 597
3 539 598 597
3 591 604 491
3 591 604 491
3 8 594 144
3 8 594 144
3 527 599 579
3 527 599 579
3 540 598 526
3 540 598 526
3 122 605 123
3 122 605 123
3 578 587 530
3 578 587 530
3 131 606 132
3 131 606 132
3 132 608 7
3 132 608 7
3 570 605 122
3 570 605 122
3 525 602 578
3 525 602 578
3 133 470 6
3 133 470 6
3 531 593 524
3 531 593 524
3 513 595 512
3 513 595 512
3 478 596 114
3 478 596 114
3 498 601 509
3 498 601 509
3 470 568 567
3 470 568 567
3 482 597 585
3 482 597 585
3 123 605 484
3 123 605 484
3 518 607 130
3 518 607 130
3 470 567 121
3 470 567 121
3 579 599 469
3 579 599 469
3 119 591 120
3 119 591 120
3 7 608 102
3 7 608 102
3 469 599 582
3 469 599 582
3 503 604 591
3 503 604 591
3 569 592 589
3 569 592 589
3 578 602 476
3 578 602 476
3 597 598 541
3 597 598 541
3 530 587 586
3 530 587 586
3 585 597 541
3 585 597 541
3 582 599 528
3 582 599 528
3 588 600 503
3 588 600 503
3 476 602 583
3 476 602 583
3 591 594 120
3 591 594 120
3 505 603 589
3 505 603 589
3 589 603 569
3 589 603 569
3 547 582 528
3 547 582 528
3 537 596 549
3 537 596 549
3 144 594 143
3 144 594 143
3 488 504 477
3 488 504 477
3 477 504 489
3 477 504 489
3 491 604 490
3 491 604 490
3 490 604 532
3 490 604 532
3 538 596 537
3 538 596 537
3 548 582 547
3 548 582 547
3 549 590 550
3 549 590 550
3 550 590 551
3 550 590 551
3 186 734 631
3 186 734 631
3 700 716 703
3 700 716 703
3 703 716 663
3 703 716 663
3 618 730 689
3 618 730 689
3 689 736 618
3 689 736 618
3 145 657 146
3 145 657 146
3 152 719 153
3 152 719 153
3 159 683 620
3 159 683 620
3 667 719 642
3 667 719 642
3 642 693 667
3 642 693 667
3 657 679 146
3 657 679 146
3 708 743 710
3 708 743 710
3 661 726 669
3 661 726 669
3 657 738 679
3 657 738 679
3 177 708 610
3 177 708 610
3 620 683 682
3 620 683 682
3 703 729 700
3 703 729 700
3 177 610 176
3 177 610 176
3 657 748 746
3 657 748 746
3 669 735 661
3 669 735 661
3 153 719 609
3 153 719 609
3 709 743 708
3 709 743 708
3 666 738 657
3 666 738 657
3 158 683 159
3 158 683 159
3 642 719 152
3 642 719 152
3 147 679 622
3 147 679 622
3 708 710 707
3 708 710 707
3 146 679 147
3 146 679 147
3 652 735 717
3 652 735 717
3 746 748 175
3 746 748 175
3 702 715 649
3 702 715 649
3 690 692 677
3 690 692 677
3 717 733 652
3 717 733 652
3 702 716 715
3 702 716 715
3 691 730 721
3 691 730 721
3 623 708 177
3 623 708 177
3 689 690 677
3 689 690 677
3 683 736 678
3 683 736 678
3 168 711 169
3 168 711 169
3 721 722 691
3 721 722 691
3 645 745 743
3 645 745 743
3 651 692 690
3 651 692 690
3 724 725 718
3 724 725 718
3 707 710 165
3 707 710 165
3 729 732 700
3 729 732 700
3 624 745 645
3 624 745 645
3 676 695 682
3 676 695 682
3 711 714 169
3 711 714 169
3 619 711 168
3 619 711 168
3 640 733 671
3 640 733 671
3 685 686 628
3 685 686 628
3 684 686 685
3 684 686 685
3 671 741 640
3 671 741 640
3 684 685 184
3 684 685 184
3 628 686 644
3 628 686 644
3 651 687 639
3 651 687 639
3 644 694 675
3 644 694 675
3 686 694 644
3 686 694 644
3 651 690 688
3 651 690 688
3 675 676 650
3 675 676 650
3 682 683 678
3 682 683 678
3 677 692 650
3 677 692 650
3 690 691 688
3 690 691 688
3 672 674 673
3 672 674 673
3 186 631 630
3 186 631 630
3 185 684 184
3 185 684 184
3 654 667 656
3 654 667 656
3 676 678 677
3 676 678 677
3 655 681 680
3 655 681 680
3 650 692 635
3 650 692 635
3 174 747 666
3 174 747 666
3 634 675 650
3 634 675 650
3 639 687 641
3 639 687 641
3 676 682 678
3 676 682 678
3 648 655 647
3 648 655 647
3 676 677 650
3 676 677 650
3 654 656 653
3 654 656 653
3 621 647 615
3 621 647 615
3 641 654 653
3 641 654 653
3 634 650 635
3 634 650 635
3 665 718 670
3 665 718 670
3 672 673 630
3 672 673 630
3 614 628 617
3 614 628 617
3 648 726 655
3 648 726 655
3 654 668 667
3 654 668 667
3 656 665 661
3 656 665 661
3 637 651 639
3 637 651 639
3 655 680 647
3 655 680 647
3 621 648 647
3 621 648 647
3 644 675 634
3 644 675 634
3 172 658 173
3 172 658 173
3 637 692 651
3 637 692 651
3 614 617 611
3 614 617 611
3 186 630 185
3 186 630 185
3 647 680 658
3 647 680 658
3 613 621 615
3 613 621 615
3 182 614 611
3 182 614 611
3 647 658 615
3 647 658 615
3 669 726 648
3 669 726 648
3 629 644 634
3 629 644 634
3 634 635 633
3 634 635 633
3 696 706 697
3 696 706 697
3 662 671 664
3 662 671 664
3 613 615 171
3 613 615 171
3 659 669 648
3 659 669 648
3 635 692 637
3 635 692 637
3 662 664 646
3 662 664 646
3 629 634 633
3 629 634 633
3 171 615 172
3 171 615 172
3 641 653 652
3 641 653 652
3 627 662 646
3 627 662 646
3 611 696 181
3 611 696 181
3 182 611 181
3 182 611 181
3 696 697 612
3 696 697 612
3 9 610 164
3 9 610 164
3 183 614 182
3 183 614 182
3 674 694 673
3 674 694 673
3 635 637 636
3 635 637 636
3 614 685 628
3 614 685 628
3 639 641 640
3 639 641 640
3 178 623 177
3 178 623 177
3 627 646 626
3 627 646 626
3 180 612 179
3 180 612 179
3 180 696 612
3 180 696 612
3 615 658 172
3 615 658 172
3 665 670 661
3 665 670 661
3 673 686 684
3 673 686 684
3 627 663 662
3 627 663 662
3 656 661 653
3 656 661 653
3 629 633 632
3 629 633 632
3 637 639 638
3 637 639 638
3 184 685 183
3 184 685 183
3 630 684 185
3 630 684 185
3 697 698 612
3 697 698 612
3 178 701 623
3 178 701 623
3 697 699 698
3 697 699 698
3 613 704 621
3 613 704 621
3 625 627 626
3 625 627 626
3 629 632 617
3 629 632 617
3 170 714 613
3 170 714 613
3 646 660 626
3 646 660 626
3 166 624 167
3 166 624 167
3 624 645 625
3 624 645 625
3 167 619 168
3 167 619 168
3 170 613 171
3 170 613 171
3 621 659 648
3 621 659 648
3 635 636 633
3 635 636 633
3 181 696 180
3 181 696 180
3 625 626 619
3 625 626 619
3 627 703 663
3 627 703 663
3 611 706 696
3 611 706 696
3 169 714 170
3 169 714 170
3 699 700 698
3 699 700 698
3 621 704 659
3 621 704 659
3 613 714 704
3 613 714 704
3 698 701 612
3 698 701 612
3 167 624 619
3 167 624 619
3 641 652 640
3 641 652 640
3 639 640 638
3 639 640 638
3 704 705 659
3 704 705 659
3 624 625 619
3 624 625 619
3 637 638 636
3 637 638 636
3 612 701 179
3 612 701 179
3 673 694 686
3 673 694 686
3 625 703 627
3 625 703 627
3 183 685 614
3 183 685 614
3 641 687 654
3 641 687 654
3 179 701 178
3 179 701 178
3 632 706 617
3 632 706 617
3 645 703 625
3 645 703 625
3 673 684 630
3 673 684 630
3 617 706 611
3 617 706 611
3 636 712 633
3 636 712 633
3 638 649 636
3 638 649 636
3 633 712 632
3 633 712 632
3 654 687 668
3 654 687 668
3 712 713 632
3 712 713 632
3 649 712 636
3 649 712 636
3 632 713 706
3 632 713 706
3 717 735 669
3 717 735 669
3 649 715 712
3 649 715 712
3 660 705 704
3 660 705 704
3 712 715 713
3 712 715 713
3 706 713 697
3 706 713 697
3 697 713 699
3 697 713 699
3 153 609 154
3 153 609 154
3 156 618 157
3 156 618 157
3 159 620 160
3 159 620 160
3 151 642 152
3 151 642 152
3 150 723 151
3 150 723 151
3 705 717 659
3 705 717 659
3 149 616 150
3 149 616 150
3 148 724 149
3 148 724 149
3 147 622 148
3 147 622 148
3 609 721 154
3 609 721 154
3 646 705 660
3 646 705 660
3 160 728 161
3 160 728 161
3 704 714 660
3 704 714 660
3 145 748 657
3 145 748 657
3 659 717 669
3 659 717 669
3 161 643 162
3 161 643 162
3 662 702 671
3 662 702 671
3 743 745 710
3 743 745 710
3 651 688 687
3 651 688 687
3 657 746 666
3 657 746 666
3 664 705 646
3 664 705 646
3 656 693 665
3 656 693 665
3 655 727 681
3 655 727 681
3 713 715 699
3 713 715 699
3 674 695 694
3 674 695 694
3 691 722 688
3 691 722 688
3 626 711 619
3 626 711 619
3 699 716 700
3 699 716 700
3 664 717 705
3 664 717 705
3 660 714 711
3 660 714 711
3 663 702 662
3 663 702 662
3 675 695 676
3 675 695 676
3 645 729 703
3 645 729 703
3 666 746 174
3 666 746 174
3 154 721 155
3 154 721 155
3 715 716 699
3 715 716 699
3 660 711 626
3 660 711 626
3 667 693 656
3 667 693 656
3 700 732 698
3 700 732 698
3 725 727 718
3 725 727 718
3 701 732 623
3 701 732 623
3 151 723 642
3 151 723 642
3 616 723 150
3 616 723 150
3 620 728 160
3 620 728 160
3 149 724 616
3 149 724 616
3 622 724 148
3 622 724 148
3 694 695 675
3 694 695 675
3 726 727 655
3 726 727 655
3 616 724 718
3 616 724 718
3 609 722 721
3 609 722 721
3 161 728 643
3 161 728 643
3 643 740 672
3 643 740 672
3 672 744 643
3 672 744 643
3 642 723 693
3 642 723 693
3 622 725 724
3 622 725 724
3 723 742 693
3 723 742 693
3 693 742 665
3 693 742 665
3 682 720 620
3 682 720 620
3 695 720 682
3 695 720 682
3 666 747 680
3 666 747 680
3 674 720 695
3 674 720 695
3 649 741 702
3 649 741 702
3 173 747 174
3 173 747 174
3 661 735 653
3 661 735 653
3 680 747 658
3 680 747 658
3 623 709 708
3 623 709 708
3 164 707 165
3 164 707 165
3 652 733 640
3 652 733 640
3 640 741 638
3 640 741 638
3 155 730 156
3 155 730 156
3 698 732 701
3 698 732 701
3 163 734 11
3 163 734 11
3 623 732 709
3 623 732 709
3 664 733 717
3 664 733 717
3 702 741 671
3 702 741 671
3 670 726 661
3 670 726 661
3 157 736 158
3 157 736 158
3 156 730 618
3 156 730 618
3 721 730 155
3 721 730 155
3 720 728 620
3 720 728 620
3 681 738 680
3 681 738 680
3 679 737 622
3 679 737 622
3 631 734 731
3 631 734 731
3 674 740 720
3 674 740 720
3 668 739 667
3 668 739 667
3 663 716 702
3 663 716 702
3 643 731 162
3 643 731 162
3 672 740 674
3 672 740 674
3 720 740 728
3 720 740 728
3 158 736 683
3 158 736 683
3 681 727 725
3 681 727 725
3 679 738 737
3 679 738 737
3 731 744 631
3 731 744 631
3 11 734 187
3 11 734 187
3 667 739 719
3 667 739 719
3 680 738 666
3 680 738 666
3 165 745 166
3 165 745 166
3 718 727 670
3 718 727 670
3 174 746 175
3 174 746 175
3 175 748 10
3 175 748 10
3 710 745 165
3 710 745 165
3 665 742 718
3 665 742 718
3 176 610 9
3 176 610 9
3 671 733 664
3 671 733 664
3 653 735 652
3 653 735 652
3 618 736 157
3 618 736 157
3 638 741 649
3 638 741 649
3 610 708 707
3 610 708 707
3 622 737 725
3 622 737 725
3 166 745 624
3 166 745 624
3 658 747 173
3 658 747 173
3 610 707 164
3 610 707 164
3 719 739 609
3 719 739 609
3 162 731 163
3 162 731 163
3 10 748 145
3 10 748 145
3 609 739 722
3 609 739 722
3 643 744 731
3 643 744 731
3 709 732 729
3 709 732 729
3 718 742 616
3 718 742 616
3 737 738 681
3 737 738 681
3 670 727 726
3 670 727 726
3 725 737 681
3 725 737 681
3 722 739 668
3 722 739 668
3 728 740 643
3 728 740 643
3 616 742 723
3 616 742 723
3 731 734 163
3 731 734 163
3 645 743 729
3 645 743 729
3 729 743 709
3 729 743 709
3 687 722 668
3 687 722 668
3 677 736 689
3 677 736 689
3 187 734 186
3 187 734 186
3 628 644 617
3 628 644 617
3 617 644 629
3 617 644 629
3 631 744 630
3 631 744 630
3 630 744 672
3 630 744 672
3 678 736 677
3 678 736 677
3 688 722 687
3 688 722 687
3 689 730 690
3 689 730 690
3 690 730 691
3 690 730 691
3 12 15 14
3 13 15 14
CELL_DATA 2598
Lookup Table 2598
